1.00000000 0.00005271 0.00000680 -0.00006631 -0.00003121 0.00003138 -0.00001565 1.00000000
10.00000000 -0.01809598 -0.01406143 0.05157151 -0.00323565 -0.00564899 -0.00071974 0.99997855
14.00000000 -0.01771836 -0.03189183 0.09866451 -0.00434135 -0.00935787 -0.00163336 0.99994546
18.00000000 -0.02110651 -0.04968276 0.15376782 -0.00514624 -0.01103858 -0.00300822 0.99992131
21.00000000 -0.02831597 -0.06598528 0.20169717 -0.00265975 -0.01200425 -0.00253341 0.99992120
24.00000000 -0.03330167 -0.08617631 0.25211412 -0.00286615 -0.01178254 -0.00328822 0.99992107
26.00000000 -0.03661539 -0.09603427 0.29006407 -0.00273645 -0.01179945 -0.00364115 0.99992001
29.00000000 -0.04167568 -0.11730228 0.34379369 0.00048071 -0.01659442 -0.00332047 0.99985667
32.00000000 -0.05009695 -0.13506721 0.39998767 0.00061982 -0.01560173 -0.00240554 0.99987520
35.00000000 -0.06052408 -0.15756172 0.45485109 0.00485808 -0.01104690 -0.00096150 0.99992672
40.00000000 -0.06929838 -0.18888646 0.54785550 0.00503143 -0.01160711 -0.00043719 0.99991988
44.00000000 -0.07548658 -0.21899873 0.62364984 0.00523613 -0.01144450 -0.00150502 0.99991967
48.00000000 -0.08251469 -0.24994841 0.70034683 0.00649621 -0.01137442 -0.00282877 0.99991021
52.00000000 -0.08294311 -0.27400628 0.77641737 0.00376449 -0.01167960 -0.00423908 0.99991572
55.00000000 -0.08260531 -0.29695496 0.83090746 0.00269644 -0.01635852 -0.00621199 0.99984326
58.00000000 -0.08613302 -0.31206083 0.88700575 0.00171510 -0.01801629 -0.00842791 0.99980070
60.00000000 -0.09326634 -0.32574761 0.92257953 0.00213659 -0.01886085 -0.00954831 0.99977424
60.00000000 -0.09032057 -0.32091268 0.91730482 -0.00003863 -0.01488192 -0.01108841 0.99982777
62.00000000 -0.09281594 -0.33665842 0.95376126 -0.00164909 -0.01729354 -0.01244514 0.99977164
64.00000000 -0.09490699 -0.34788620 0.99320512 -0.00285887 -0.02004524 -0.01383477 0.99969926
66.00000000 -0.09562687 -0.36226571 1.03181854 -0.00277869 -0.02768885 -0.01519205 0.99949728
69.00000000 -0.09878806 -0.38396149 1.08626179 -0.00398164 -0.03089238 -0.01631915 0.99938156
72.00000000 -0.10644795 -0.40266721 1.14567855 -0.00368354 -0.03180952 -0.01702800 0.99934210
75.00000000 -0.11335139 -0.42620501 1.20218874 -0.00610499 -0.03228631 -0.01642603 0.99932503
78.00000000 -0.11594557 -0.44536348 1.26509715 -0.00594339 -0.03431421 -0.01578899 0.99926869
80.00000000 -0.11855567 -0.46352819 1.30285517 -0.00643229 -0.03585585 -0.01528491 0.99921937
83.00000000 -0.12392541 -0.48194849 1.36153020 -0.00540454 -0.03664676 -0.01537006 0.99919546
85.00000000 -0.12921267 -0.49997179 1.40177777 -0.00329183 -0.03635689 -0.01511817 0.99921909
88.00000000 -0.13059800 -0.52166000 1.46177003 -0.00451315 -0.03814550 -0.01535114 0.99914408
91.00000000 -0.12883478 -0.54361964 1.52380669 -0.00304981 -0.05147484 -0.01509509 0.99855555
93.00000000 -0.12953126 -0.55900619 1.56052295 -0.00303685 -0.05369527 -0.01604353 0.99842386
96.00000000 -0.13513024 -0.57688853 1.62328729 -0.00183858 -0.05401747 -0.01897578 0.99835798
98.00000000 -0.14167415 -0.59797621 1.66778456 -0.00217168 -0.05330775 -0.01913964 0.99839233
101.00000000 -0.14578737 -0.61870326 1.73176132 -0.00381780 -0.05364685 -0.02042414 0.99834378
101.00000000 -0.14283615 -0.61387960 1.72646196 -0.00488552 -0.05072478 -0.02220760 0.99845378
104.00000000 -0.14918382 -0.64085599 1.78954745 -0.00386742 -0.05120248 -0.02295231 0.99841702
107.00000000 -0.16260399 -0.66052000 1.84783339 -0.00383006 -0.04921523 -0.02292788 0.99851765
109.00000000 -0.17434146 -0.67504691 1.88848296 -0.00064425 -0.04668502 -0.02197101 0.99866780
111.00000000 -0.18504245 -0.69341751 1.92752583 -0.00073406 -0.04424253 -0.02155196 0.99878805
113.00000000 -0.19550793 -0.70562037 1.96998000 -0.00137512 -0.04236976 -0.02056553 0.99888937
115.00000000 -0.20423176 -0.72098820 2.01097018 -0.00097665 -0.04232541 -0.01937126 0.99891559
117.00000000 -0.21534494 -0.73951380 2.05064062 -0.00209360 -0.04264417 -0.01857748 0.99891540
119.00000000 -0.22664387 -0.75084224 2.09116704 -0.00165757 -0.04137240 -0.01769489 0.99898572
121.00000000 -0.23880648 -0.76657934 2.13184321 0.00072090 -0.03908264 -0.01656531 0.99909840
124.00000000 -0.25153628 -0.79250660 2.19396367 -0.00229909 -0.03507944 -0.01575196 0.99925774
127.00000000 -0.26095481 -0.81516138 2.26003472 -0.00078586 -0.03419639 -0.01565074 0.99929227
130.00000000 -0.27106954 -0.84037250 2.32177665 -0.00165978 -0.03322638 -0.01570931 0.99932301
133.00000000 -0.28541027 -0.86311394 2.38734590 -0.00000122 -0.03019281 -0.01566550 0.99942133
135.00000000 -0.29227968 -0.88144666 2.42758992 -0.00110103 -0.02802854 -0.01450952 0.99950121
138.00000000 -0.29822859 -0.90224081 2.49591387 -0.00248286 -0.02579909 -0.01520966 0.99954835
140.00000000 -0.30227091 -0.92164912 2.53885912 -0.00343498 -0.02561685 -0.01537522 0.99954769
140.00000000 -0.29933075 -0.91681593 2.53353270 -0.00331785 -0.02341946 -0.01731791 0.99957021
143.00000000 -0.30581612 -0.93756387 2.59529487 -0.00486415 -0.02186168 -0.01619501 0.99961799
146.00000000 -0.31347062 -0.96435127 2.65753419 -0.00445598 -0.01670037 -0.01538860 0.99973218
150.00000000 -0.31854476 -0.99216005 2.74068480 -0.00497700 -0.01508400 -0.01492977 0.99976237
153.00000000 -0.32442842 -1.02047927 2.79771479 -0.00506675 -0.01520563 -0.01345977 0.99978095
156.00000000 -0.33591143 -1.03684623 2.85608034 -0.00469197 -0.00881679 -0.01126637 0.99988665
160.00000000 -0.35122773 -1.06676849 2.92862523 -0.00481714 0.00717085 -0.00529124 0.99994869
164.00000000 -0.36318040 -1.09257908 2.99936420 -0.00375053 0.02550399 0.00479034 0.99965621
167.00000000 -0.37453780 -1.11227808 3.04871507 -0.00489250 0.05477180 0.01726449 0.99833764
170.00000000 -0.38786391 -1.13091220 3.10069217 -0.00429205 0.10126969 0.03351849 0.99428494
172.00000000 -0.39285855 -1.14622533 3.13335259 -0.00388049 0.12913421 0.04550598 0.99057484
175.00000000 -0.39866170 -1.16003704 3.17986389 -0.00360559 0.17681288 0.06679976 0.98196843
177.00000000 -0.40298965 -1.17373904 3.21052969 -0.00368376 0.21660368 0.08241536 0.97276769
179.00000000 -0.40764127 -1.18611088 3.23973379 -0.00409781 0.25349716 0.09858566 0.96229063
181.00000000 -0.41260815 -1.19429380 3.27100200 -0.00419807 0.29391044 0.11535344 0.94883751
183.00000000 -0.41984075 -1.20557616 3.30273675 -0.00516123 0.33322293 0.13233194 0.93350099
185.00000000 -0.42218509 -1.21922721 3.33151588 -0.00449961 0.37062062 0.14843690 0.91683510
185.00000000 -0.41930592 -1.21442139 3.32621104 -0.00229592 0.37166690 0.14702084 0.91664787
187.00000000 -0.41400189 -1.22565273 3.35644660 -0.00223575 0.40838207 0.16350711 0.89804483
189.00000000 -0.40083715 -1.23498480 3.38646011 -0.00308752 0.44825781 0.17989559 0.87561006
191.00000000 -0.38677025 -1.24653821 3.41185107 -0.00279550 0.48377254 0.19401080 0.85341439
193.00000000 -0.36770012 -1.25803032 3.43457749 -0.00252272 0.51711045 0.20766834 0.83033986
195.00000000 -0.34560508 -1.26642374 3.45683107 -0.00232959 0.54954152 0.21930863 0.80616526
197.00000000 -0.31901415 -1.27326914 3.47763350 -0.00192103 0.57565280 0.22940148 0.78485357
199.00000000 -0.29138855 -1.28181131 3.49279315 -0.00061566 0.59602615 0.23701554 0.76718712
201.00000000 -0.25967570 -1.28577171 3.50582954 -0.00026328 0.61074874 0.24157685 0.75407329
203.00000000 -0.22337339 -1.28848769 3.51433562 -0.00201040 0.62059422 0.24507890 0.74484569
205.00000000 -0.18631367 -1.29481740 3.51959196 -0.00192988 0.62891752 0.24498822 0.73786164
207.00000000 -0.14986074 -1.29853995 3.52586698 -0.00270398 0.63373604 0.24404425 0.73403932
211.00000000 -0.06674250 -1.30243920 3.53718022 -0.00356955 0.63591108 0.24134882 0.73304509
214.00000000 -0.00499941 -1.30708794 3.54297941 -0.00396122 0.63781994 0.23997079 0.73183608
217.00000000 0.05682451 -1.30888504 3.54801860 -0.00254702 0.63978397 0.23856380 0.73058696
220.00000000 0.11455323 -1.31349501 3.55429463 -0.00306467 0.64482763 0.23909811 0.72596145
223.00000000 0.17403869 -1.31477039 3.56427262 -0.00321474 0.65265494 0.24262723 0.71774872
223.00000000 0.17691910 -1.30994738 3.55899293 0.00023472 0.65185011 0.24107995 0.71900753
226.00000000 0.23500284 -1.31673186 3.56256021 0.00129759 0.66285378 0.24449089 0.70770572
229.00000000 0.29234587 -1.31518047 3.56300628 0.00120905 0.67850715 0.25185461 0.69006945
231.00000000 0.32926881 -1.31760732 3.56042626 -0.00045312 0.69829708 0.25874008 0.66740884
232.00000000 0.34560597 -1.31883841 3.55888869 -0.00171733 0.71234680 0.26476627 0.64996762
233.00000000 0.36152817 -1.31855030 3.55854718 -0.00149586 0.72685509 0.27102802 0.63104933
235.00000000 0.39321584 -1.31735994 3.56179799 -0.00178351 0.75599444 0.28516711 0.58919347
236.00000000 0.40997994 -1.31821834 3.56407334 -0.00229871 0.77092332 0.29344322 0.56529906
238.00000000 0.44156286 -1.32214516 3.56751010 -0.00152576 0.80427585 0.30795629 0.50823317
240.00000000 0.46980791 -1.32463256 3.56503519 0.00214115 0.83163516 0.32212605 0.45234189
241.00000000 0.48427984 -1.32435547 3.56310869 0.00322180 0.84400281 0.32899000 0.42357345
242.00000000 0.49939527 -1.32153854 3.55918041 0.00380519 0.85561709 0.33476349 0.39476364
243.00000000 0.51459879 -1.31875621 3.55490437 0.00452980 0.86779161 0.33937734 0.36296037
244.00000000 0.52815126 -1.31526207 3.54488107 0.00629071 0.87676281 0.34422661 0.33579076
245.00000000 0.54119230 -1.31308843 3.53631839 0.00822147 0.88622506 0.34879092 0.30476621
246.00000000 0.55237855 -1.31281123 3.52850593 0.00892312 0.89419587 0.35331848 0.27477294
247.00000000 0.56465982 -1.30927119 3.51791495 0.01095619 0.90041544 0.35815067 0.24669838
247.00000000 0.56751682 -1.30445496 3.51263029 0.01490298 0.89941960 0.35844284 0.24968183
248.00000000 0.57765039 -1.30234131 3.50664503 0.01649095 0.90572961 0.36118583 0.22119384
249.00000000 0.58964532 -1.30026886 3.50074331 0.01747303 0.91130003 0.36330042 0.19297604
250.00000000 0.60212230 -1.29773779 3.49200364 0.01782930 0.91553507 0.36554959 0.16688662
251.00000000 0.61358126 -1.29487540 3.48316315 0.01979947 0.91934871 0.36648944 0.14174421
253.00000000 0.63387394 -1.29029097 3.46245387 0.02053088 0.92424243 0.36705329 0.10308391
255.00000000 0.64974357 -1.28026727 3.43646016 0.02050436 0.92737059 0.36546155 0.07746749
257.00000000 0.66149179 -1.26962372 3.40536911 0.01973843 0.92991065 0.36213853 0.06109222
259.00000000 0.67235252 -1.26059054 3.37289904 0.01959560 0.93228163 0.35765412 0.05050251
262.00000000 0.69048740 -1.23968001 3.32124692 0.01744705 0.93442028 0.35358564 0.03913486
264.00000000 0.70077346 -1.22684598 3.28170795 0.01707626 0.93612937 0.34964547 0.03344031
266.00000000 0.70838736 -1.21414503 3.24262555 0.01540347 0.93623125 0.34988607 0.02852225
268.00000000 0.71221510 -1.19604360 3.20349991 0.01399954 0.93642378 0.34969655 0.02503669
270.00000000 0.71439564 -1.18138839 3.15940964 0.01193964 0.93667218 0.34917274 0.02410537
272.00000000 0.71772110 -1.16977480 3.11965888 0.00946043 0.93660032 0.34936665 0.02516497
274.00000000 0.72242560 -1.15134163 3.08009065 0.00758626 0.93699975 0.34834752 0.02505863
276.00000000 0.72637128 -1.13824714 3.03776421 0.00715420 0.93793535 0.34580760 0.02536143
276.00000000 0.72919886 -1.13345173 3.03252624 0.01118401 0.93755729 0.34650978 0.02814631
278.00000000 0.73065185 -1.11898947 2.98902240 0.00975005 0.93753897 0.34655076 0.02877821
281.00000000 0.73390745 -1.09277699 2.92670560 0.00968651 0.93791110 0.34528212 0.03176781
283.00000000 0.73833013 -1.08142713 2.88336653 0.01048065 0.93776744 0.34545424 0.03381940
285.00000000 0.74400764 -1.06467426 2.84396200 0.01060418 0.93787787 0.34516027 0.03371993
287.00000000 0.75155158 -1.04828273 2.80304550 0.01154162 0.93839044 0.34376800 0.03337267
290.00000000 0.75976271 -1.02901875 2.73989614 0.01141114 0.93785790 0.34558106 0.02942933
293.00000000 0.76595746 -1.00523849 2.67673904 0.01314063 0.93857593 0.34381099 0.02639230
296.00000000 0.77215122 -0.98596810 2.61444667 0.01379322 0.93816423 0.34510101 0.02372592
299.00000000 0.78072779 -0.96033615 2.54935503 0.01388268 0.93861891 0.34413001 0.01939987
301.00000000 0.78494675 -0.94796478 2.50542215 0.01380919 0.93870477 0.34407325 0.01600827
303.00000000 0.78689596 -0.93000601 2.46417601 0.01353854 0.93895912 0.34340371 0.01569615
305.00000000 0.78617447 -0.91320642 2.41658909 0.01470534 0.93890569 0.34321220 0.02110063
307.00000000 0.78833151 -0.89847850 2.36895415 0.01513139 0.93820905 0.34500739 0.02246602
310.00000000 0.79561114 -0.86960838 2.30527659 0.01373030 0.93845678 0.34431292 0.02364224
314.00000000 0.80225082 -0.83996666 2.21122670 0.01297819 0.93638933 0.34975214 0.02607752
318.00000000 0.80468966 -0.80879987 2.11686793 0.01333375 0.93641168 0.34910967 0.03283018
318.00000000 0.80750410 -0.80397570 2.11163917 0.01742633 0.93650022 0.34853063 0.03449735
322.00000000 0.81588834 -0.76897818 2.02511719 0.01676856 0.93633728 0.34882666 0.03621163
326.00000000 0.82094910 -0.73775336 1.93540302 0.01613371 0.93541243 0.35145008 0.03501618
329.00000000 0.82481040 -0.71718207 1.86737633 0.01653709 0.93544610 0.35137169 0.03471402
332.00000000 0.83242960 -0.69050014 1.80366596 0.01631023 0.93606725 0.34983581 0.03357066
334.00000000 0.83814125 -0.67915920 1.75949491 0.01602578 0.93703397 0.34756516 0.03014912
336.00000000 0.84453804 -0.66494533 1.71495444 0.01611370 0.93714872 0.34738006 0.02863082
338.00000000 0.84851236 -0.64551315 1.66967194 0.01704486 0.93771071 0.34581208 0.02867225
340.00000000 0.85327338 -0.63394040 1.62180763 0.01821058 0.93808429 0.34458251 0.03048186
342.00000000 0.85809636 -0.61772708 1.57816753 0.01803342 0.93833491 0.34383928 0.03125611
344.00000000 0.86399447 -0.59861094 1.53391037 0.01690430 0.93946196 0.34083905 0.03089021
346.00000000 0.86617057 -0.58806521 1.48560139 0.01581710 0.93982409 0.33993915 0.03036235
348.00000000 0.86875301 -0.56961330 1.44369200 0.01393604 0.93998572 0.33963584 0.02966678
351.00000000 0.87101709 -0.54723420 1.37353570 0.01378828 0.94002950 0.33927413 0.03236484
354.00000000 0.87761383 -0.52128521 1.30905271 0.01245659 0.94026018 0.33842937 0.03494554
356.00000000 0.88299172 -0.50609857 1.26265943 0.01171106 0.94123270 0.33566453 0.03568173
358.00000000 0.88559547 -0.49217871 1.21548347 0.00987387 0.94099478 0.33635302 0.03602745
358.00000000 0.88844797 -0.48734987 1.21026729 0.01406159 0.94158174 0.33450046 0.03654509
360.00000000 0.89037516 -0.46725133 1.16560797 0.01324562 0.94154074 0.33451281 0.03777264
363.00000000 0.89482679 -0.44893221 1.09351576 0.01278963 0.94081439 0.33588085 0.04345985
366.00000000 0.90414055 -0.42153937 1.02911375 0.01235509 0.94020654 0.33706126 0.04742073
368.00000000 0.91150227 -0.40916448 0.98112762 0.01126082 0.93901981 0.34024545 0.04845641
370.00000000 0.91587160 -0.39390730 0.93546959 0.01132941 0.93821260 0.34225110 0.04992946
372.00000000 0.92046910 -0.37405151 0.88939752 0.01196932 0.93842457 0.34115106 0.05321666
374.00000000 0.92625370 -0.36269608 0.84155380 0.01210520 0.93818280 0.34182179 0.05314473
377.00000000 0.93709530 -0.33869927 0.77977477 0.01340138 0.93828383 0.34202802 0.04960533
379.00000000 0.94507246 -0.32561016 0.73370158 0.01363201 0.93885262 0.34112452 0.04476602
382.00000000 0.95383419 -0.30279134 0.66939866 0.01567056 0.93909188 0.34179334 0.03222090
384.00000000 0.96215341 -0.28642509 0.62532851 0.01784719 0.93980588 0.34029753 0.02537687
386.00000000 0.97141930 -0.27734448 0.57862935 0.01936785 0.93950921 0.34176061 0.01212484
388.00000000 0.98114197 -0.26096355 0.53681628 0.02014776 0.93966314 0.34124286 -0.01343713
390.00000000 0.99081417 -0.24273073 0.49639657 0.01973535 0.93881035 0.33929030 -0.05592606
391.00000000 0.99223288 -0.23925275 0.47485832 0.02137164 0.93745338 0.33942996 -0.07424095
392.00000000 0.99433432 -0.23344508 0.45152029 0.02317613 0.93568866 0.33935321 -0.09374966
392.00000000 0.99721104 -0.22860508 0.44628304 0.02786193 0.93642207 0.33690669 -0.09397500
394.00000000 1.00261968 -0.21558324 0.40905750 0.03194701 0.93164090 0.33563343 -0.13555378
396.00000000 1.00389059 -0.20048752 0.36901038 0.03570102 0.92434128 0.33466375 -0.17977434
397.00000000 1.00361365 -0.19595306 0.35010412 0.03677538 0.91935704 0.33369787 -0.20512421
399.00000000 1.00366022 -0.18523910 0.31238405 0.04091665 0.90780219 0.33135067 -0.25382622
402.00000000 1.00481244 -0.16236790 0.25882523 0.04572082 0.88368192 0.32607907 -0.33269854
404.00000000 0.99746764 -0.15215160 0.22039620 0.04834292 0.86553667 0.32227215 -0.38032866
406.00000000 0.98666598 -0.13989134 0.18497140 0.05039184 0.84469209 0.31596004 -0.42909811
408.00000000 0.96972806 -0.12538272 0.15348497 0.05174905 0.82240927 0.30864612 -0.47508168
410.00000000 0.94146991 -0.11606435 0.12249953 0.04933957 0.79568359 0.29971007 -0.52404876
411.00000000 0.93053920 -0.11392050 0.10802868 0.04766643 0.78150272 0.29487223 -0.54775157
412.00000000 0.91366496 -0.10788372 0.09401151 0.04738314 0.76789132 0.28999057 -0.56921281
413.00000000 0.89877509 -0.10248975 0.08221693 0.04498148 0.75422650 0.28591202 -0.58938388
415.00000000 0.86163755 -0.09227880 0.06215116 0.04315330 0.73170200 0.27519993 -0.62210528
417.00000000 0.81594180 -0.08891993 0.04222865 0.04244414 0.71470295 0.26778354 -0.64474038
419.00000000 0.77897425 -0.08103758 0.02907510 0.03799213 0.70166862 0.26286238 -0.66115135
421.00000000 0.73180169 -0.07391497 0.02252467 0.03210415 0.69304444 0.25970304 -0.67172395
421.00000000 0.73474998 -0.06909312 0.01730236 0.03754489 0.69176220 0.25925353 -0.67293614
423.00000000 0.69067522 -0.06908048 0.00574718 0.03398466 0.68433279 0.25781106 -0.68122473
425.00000000 0.64616163 -0.05916976 -0.00013282 -0.03138351 -0.67934762 -0.25465832 0.68749620
427.00000000 0.59628032 -0.05470251 -0.00672627 -0.02908608 -0.67258818 -0.25216513 0.69512005
429.00000000 0.54478491 -0.05165086 -0.01194886 -0.02873717 -0.66357546 -0.25214506 0.70375042
432.00000000 0.47186189 -0.04142428 -0.01524536 -0.02829370 -0.65455457 -0.24836383 0.71349365
434.00000000 0.42386542 -0.04288743 -0.02183870 -0.03155081 -0.64520100 -0.24652959 0.72245649
436.00000000 0.38398123 -0.03608275 -0.02742161 -0.03199398 -0.63229528 -0.24077540 0.73566722
438.00000000 0.33953907 -0.02864673 -0.03562303 -0.02996314 -0.60414187 -0.23277579 0.76153151
439.00000000 0.31686690 -0.02901553 -0.03865828 -0.02864915 -0.58879851 -0.22678495 0.77528325
440.00000000 0.29533236 -0.02986409 -0.03997454 -0.03007441 -0.57426344 -0.21992878 0.78800276
441.00000000 0.27662849 -0.02927613 -0.04139802 -0.03161108 -0.55919031 -0.21395121 0.80033232
442.00000000 0.25357971 -0.02662117 -0.04179067 -0.03348939 -0.54152372 -0.20814359 0.81382232
443.00000000 0.22991791 -0.02414091 -0.03950849 -0.03487171 -0.52158606 -0.20243665 0.82810105
444.00000000 0.20878402 -0.02610607 -0.03829664 -0.03692000 -0.49998631 -0.19393123 0.84323264
445.00000000 0.18947394 -0.02664192 -0.03804178 -0.03573093 -0.47602511 -0.18552756 0.85889634
446.00000000 0.17118845 -0.02821261 -0.03792278 -0.03644105 -0.44919021 -0.17436822 0.87549753
446.00000000 0.17411808 -0.02341146 -0.04312603 -0.04124144 -0.44563964 -0.17411787 0.87714732
447.00000000 0.15720095 -0.02203304 -0.04247058 -0.04131130 -0.41660083 -0.16313556 0.89337781
448.00000000 0.13874369 -0.01899481 -0.04150173 -0.04091158 -0.38269598 -0.15121074 0.91049730
449.00000000 0.11930125 -0.01570957 -0.03956561 -0.04088403 -0.34828395 -0.13772821 0.92631405
450.00000000 0.10114462 -0.01519337 -0.03759393 -0.04210463 -0.31724485 -0.12494830 0.93913302
451.00000000 0.08166008 -0.01623665 -0.03231084 -0.04239597 -0.28184899 -0.11227549 0.95192329
452.00000000 0.06645731 -0.01912004 -0.02850921 -0.04336423 -0.24942518 -0.10107613 0.96212797
453.00000000 0.05200147 -0.02203284 -0.02485869 -0.04318794 -0.21901102 -0.08960033 0.97063935
455.00000000 0.02684049 -0.02672984 -0.00844799 -0.04361174 -0.16971560 -0.07300399 0.98181722
457.00000000 0.00495921 -0.03025832 0.01391849 -0.04192732 -0.12976334 -0.06052069 0.98880778
459.00000000 -0.01540989 -0.04088852 0.04070627 -0.03981191 -0.09816587 -0.05039227 0.99309571
461.00000000 -0.03435873 -0.05074530 0.07103921 -0.03634243 -0.06995008 -0.04225944 0.99599215
463.00000000 -0.05034691 -0.05983337 0.10153041 -0.03042447 -0.04492927 -0.03715858 0.99783513
466.00000000 -0.06677356 -0.08020712 0.15035753 -0.02460423 -0.02559466 -0.03336610 0.99881242
469.00000000 -0.07168821 -0.09527603 0.20478431 -0.02071184 -0.01677322 -0.03295922 0.99910128
472.00000000 -0.07385810 -0.11716698 0.25728550 -0.01784202 -0.01275952 -0.03645335 0.99909460
